{
 "cells": [
  {
   "cell_type": "markdown",
   "id": "03cea718",
   "metadata": {},
   "source": [
    "# Part 3: EM implementation"
   ]
  },
  {
   "cell_type": "markdown",
   "id": "6026032f",
   "metadata": {},
   "source": [
    "Ethan Holleman"
   ]
  },
  {
   "cell_type": "code",
   "execution_count": 1,
   "id": "2dba9ddb",
   "metadata": {},
   "outputs": [],
   "source": [
    "import numpy as np\n",
    "from sklearn.preprocessing import OneHotEncoder"
   ]
  },
  {
   "cell_type": "markdown",
   "id": "8d0a360d",
   "metadata": {},
   "source": [
    "Urls for data."
   ]
  },
  {
   "cell_type": "code",
   "execution_count": 68,
   "id": "e6e46e3c",
   "metadata": {},
   "outputs": [],
   "source": [
    "# URL for at_gc_sequences.txt - this is a single sequence: ATTTAATATAAAATTTGGCCGCCATAAAAAAA\n",
    "at_gc_sequences_txt = 'https://ucdavis.box.com/shared/static/s8g6zx9vwxbbfdxdj2uqzhlvslc1jhsy.txt'\n",
    "# URL for sequence.padded.txt - the real binding site data\n",
    "sequence_padded_txt = 'https://ucdavis.box.com/shared/static/0cacx2xvn4ugxo9h21ci2ngesryigf43.txt'\n",
    "# URL for sequence.motiflocation.padded.txt - the location of the binding sites from sequence.padded.txt\n",
    "sequence_motiflocation_padded_txt = 'https://ucdavis.box.com/shared/static/gd0r12mdkhix86bo9ffbn3dy0fy0prmn.txt'"
   ]
  },
  {
   "cell_type": "code",
   "execution_count": 2,
   "id": "096c4963",
   "metadata": {},
   "outputs": [
    {
     "data": {
      "text/plain": [
       "['ATACCCCTGGCTGGGTCATGGTGACCTGGAGGAAGCGT',\n",
       " 'CATATATGGCCAGGGTCAGTGTGACCTCCATTTCCCAT',\n",
       " 'AGCAGCTGGCCTGGGTCACAGTGACCTGACCTCAAACC']"
      ]
     },
     "execution_count": 2,
     "metadata": {},
     "output_type": "execute_result"
    }
   ],
   "source": [
    "def read_data():\n",
    "    with open('sequence.padded.txt') as handle:\n",
    "        # I dont think this is the actual sequences we should be using\n",
    "        # put using as placeholder for now.\n",
    "        return [s.strip() for s in handle.readlines()]\n",
    "\n",
    "data = read_data()\n",
    "data[0:3]"
   ]
  },
  {
   "cell_type": "markdown",
   "id": "824d91ec",
   "metadata": {},
   "source": [
    "Create matrix $X_{i,j,p,k}$ using one-hot encoding scheme."
   ]
  },
  {
   "cell_type": "code",
   "execution_count": 3,
   "id": "9b1da2a3",
   "metadata": {},
   "outputs": [],
   "source": [
    "def encode_data(data, motif_length=8):\n",
    "    seq_length = len(data[0])\n",
    "    number_motifs = seq_length - motif_length + 1\n",
    "    X = np.zeros((len(data), number_motifs, motif_length, 4))\n",
    "\n",
    "    def nuc_to_one_hot(nuc):\n",
    "        # Convert nucleotide to the index in one hot encoded array\n",
    "        # that should be hot (==1)\n",
    "        upper_nuc = nuc.upper()\n",
    "        mapping = {'A': 0, 'T': 1, 'G': 2, 'C': 3}\n",
    "        return mapping[upper_nuc]\n",
    "\n",
    "    for i in range(len(data)):\n",
    "        for j in range(number_motifs):\n",
    "            for p in range(motif_length):\n",
    "                nuc = data[i][j+p]\n",
    "                k_hot = nuc_to_one_hot(nuc)\n",
    "                X[i][j][p][k_hot] = 1.0\n",
    "    \n",
    "    return X"
   ]
  },
  {
   "cell_type": "code",
   "execution_count": 105,
   "id": "020f468a",
   "metadata": {},
   "outputs": [
    {
     "data": {
      "text/plain": [
       "(357, 31, 8, 4)"
      ]
     },
     "execution_count": 105,
     "metadata": {},
     "output_type": "execute_result"
    }
   ],
   "source": [
    "X.shape"
   ]
  },
  {
   "cell_type": "code",
   "execution_count": 38,
   "id": "d07b9419",
   "metadata": {},
   "outputs": [
    {
     "data": {
      "text/plain": [
       "array([[[1., 0., 0., 0.],\n",
       "        [0., 1., 0., 0.],\n",
       "        [1., 0., 0., 0.],\n",
       "        [0., 0., 0., 1.],\n",
       "        [0., 0., 0., 1.],\n",
       "        [0., 0., 0., 1.],\n",
       "        [0., 0., 0., 1.],\n",
       "        [0., 1., 0., 0.]],\n",
       "\n",
       "       [[0., 1., 0., 0.],\n",
       "        [1., 0., 0., 0.],\n",
       "        [0., 0., 0., 1.],\n",
       "        [0., 0., 0., 1.],\n",
       "        [0., 0., 0., 1.],\n",
       "        [0., 0., 0., 1.],\n",
       "        [0., 1., 0., 0.],\n",
       "        [0., 0., 1., 0.]]])"
      ]
     },
     "execution_count": 38,
     "metadata": {},
     "output_type": "execute_result"
    }
   ],
   "source": [
    "motif_length = 8\n",
    "X = encode_data(data, motif_length)\n",
    "X[0][:2]  # Data for first two motifs of first sequence"
   ]
  },
  {
   "cell_type": "markdown",
   "id": "e6a87f9d",
   "metadata": {},
   "source": [
    "Randomly initialize the model parameters."
   ]
  },
  {
   "cell_type": "code",
   "execution_count": 5,
   "id": "ddb2699a",
   "metadata": {},
   "outputs": [],
   "source": [
    "def init_EM(seq_length, motif_length):\n",
    "    number_motifs_per_sequence = seq_length - motif_length + 1\n",
    "    lambda_j = np.random.uniform(0, 1, size=(number_motifs_per_sequence,))\n",
    "    lambda_j_norm = lambda_j / lambda_j.sum()\n",
    "    psi_0 = np.random.uniform(0, 1, size=(4, motif_length))\n",
    "    psi_1 = np.random.uniform(0, 1, size=(4, motif_length))\n",
    "    psi_0 = (psi_0/psi_0.sum(axis=0)).T\n",
    "    psi_1 = (psi_1/psi_1.sum(axis=0)).T\n",
    "    \n",
    "    return lambda_j_norm, psi_0, psi_1"
   ]
  },
  {
   "cell_type": "code",
   "execution_count": 6,
   "id": "70e371c6",
   "metadata": {},
   "outputs": [],
   "source": [
    "lambda_j, psi_0, psi_1 = init_EM(len(data[0]), motif_length)"
   ]
  },
  {
   "cell_type": "markdown",
   "id": "56920512",
   "metadata": {},
   "source": [
    "## E step"
   ]
  },
  {
   "cell_type": "markdown",
   "id": "2a75cdd5",
   "metadata": {},
   "source": [
    "![](e.png)"
   ]
  },
  {
   "cell_type": "markdown",
   "id": "9a38b1d5",
   "metadata": {},
   "source": [
    "First write a function to calculate numerators of the above equation."
   ]
  },
  {
   "cell_type": "code",
   "execution_count": 106,
   "id": "91599068",
   "metadata": {},
   "outputs": [],
   "source": [
    "def e_numerator(i, j, X, lambda_j, psi_0, psi_1):\n",
    "    # i = current sequence\n",
    "    # j = current j index\n",
    "    # X = Data\n",
    "    psi_1_term = X[i][j] * psi_1\n",
    "    # remove zero terms this is in lieu of having exponent X_{i,j,p,k}\n",
    "    # whcih would cause 0 encoded values (cold values) to have\n",
    "    # value of 1 and therefore not contribute to the product\n",
    "    psi_1_term = psi_1_term[psi_1_term != 0]\n",
    "    # take product of all remaining terms (these are probibities seeing\n",
    "    # the bases in the given motif in their given positions given they\n",
    "    # are in the TFBS)\n",
    "    psi_1_term = np.log(psi_1_term).sum()\n",
    "    \n",
    "    # now need to get product of all other motifs (j' != j) but assuming they are\n",
    "    # not the TFBS (psi^0). \n",
    "    psi_0_term = X[i][np.arange(len(X[i]))!=j] * psi_0\n",
    "    psi_0_term = psi_0_term.flatten()\n",
    "    psi_0_term = np.log(psi_0_term[psi_0_term != 0]).sum()\n",
    "    return np.log(lambda_j[j]) + psi_0_term + psi_1_term  # log of products is sum of logs"
   ]
  },
  {
   "cell_type": "code",
   "execution_count": 103,
   "id": "3270a5df",
   "metadata": {},
   "outputs": [],
   "source": [
    "psi_1_term = X[0][0] * psi_1\n",
    "psi_1_term = np.log(psi_1_term[psi_1_term != 0]).sum()"
   ]
  },
  {
   "cell_type": "markdown",
   "id": "2ca0c991",
   "metadata": {},
   "source": [
    "Wrap above function in loop for all $i$ and all $j$."
   ]
  },
  {
   "cell_type": "code",
   "execution_count": 104,
   "id": "224bc085",
   "metadata": {},
   "outputs": [],
   "source": [
    "def e_step(X, lambda_j, psi_0, psi_1):\n",
    "    posts = []\n",
    "    for i in range(X.shape[0]):  # number of sequences\n",
    "        posts.append([])  # add row of js for each sequence i\n",
    "        for j in range(X.shape[1]):\n",
    "            posts[i].append(e_numerator(i, j, X, lambda_j, psi_0, psi_1))\n",
    "        # At this point in the loop we have calculated all numerators for each motif j\n",
    "        # for a specific sequence i. These are already in log space from `e_numerator`\n",
    "        # function. Next step in the Quon^{TM} log trick is to subtract the smallest value \n",
    "        posts[i] = np.array(posts[i])\n",
    "        posts[i] = posts[i] - posts[i].min()\n",
    "        # Now having subtracted the smallest value we are free to go back to linear\n",
    "        # space by exponentation of all terms in posts[i][j]\n",
    "        posts[i] = np.e**posts[i] \n",
    "        # Now divide (normalize) each term by the denominator which is just the sum of\n",
    "        # all values in posts[i][j]\n",
    "        posts[i] = posts[i] / posts[i].sum()\n",
    "        # Test to make sure the sum across the row (for each sequence) is one (+- rounding)\n",
    "        assert abs(posts[i].sum() - 1) < 1e-5\n",
    "        \n",
    "        \n",
    "    return np.array(posts)\n",
    "\n",
    "e_step_1 = e_step(X, lambda_j, psi_0, psi_1)"
   ]
  },
  {
   "cell_type": "markdown",
   "id": "476f57ab",
   "metadata": {},
   "source": [
    "## ELBO\n",
    "\n",
    "This guy (complete log likelihood)\n",
    "\n",
    "![](loglik.png)"
   ]
  },
  {
   "cell_type": "markdown",
   "id": "1205b1f3",
   "metadata": {},
   "source": [
    "Minus entropy term"
   ]
  },
  {
   "cell_type": "markdown",
   "id": "9deb3dd9",
   "metadata": {},
   "source": [
    "![](entropy.png)"
   ]
  },
  {
   "cell_type": "code",
   "execution_count": 9,
   "id": "fac83850",
   "metadata": {},
   "outputs": [],
   "source": [
    "def calculate_ELBOOOOO(X, posts, lambda_j, psi_0, psi_1):\n",
    "    \n",
    "    def lambda_j_term():\n",
    "        return (posts * np.log(lambda_j)).sum()\n",
    "    \n",
    "    def C_ij_term():\n",
    "        sum_list = []\n",
    "        for i in range(X.shape[0]):\n",
    "            for j in range(X.shape[1]):\n",
    "                for p in range(X.shape[2]):\n",
    "                    for k in range(X.shape[3]):\n",
    "                        sum_list.append(\n",
    "                            X[i][j][p][k] * (posts[i][j] * np.log(psi_1[p][k]) + (1 - posts[i][j]) * np.log(psi_0[p][k]))\n",
    "                        )\n",
    "        return sum(sum_list)\n",
    "    \n",
    "    def entropy():\n",
    "        return (np.log(posts) * posts).sum()\n",
    "    \n",
    "    return lambda_j_term() + C_ij_term() - entropy()"
   ]
  },
  {
   "cell_type": "markdown",
   "id": "6c084e15",
   "metadata": {},
   "source": [
    "## M step"
   ]
  },
  {
   "cell_type": "markdown",
   "id": "f489e589",
   "metadata": {},
   "source": [
    "$\\boldsymbol{E}[C_{i,j}] = P(C_{i} = j | X_{i}, \\theta)$"
   ]
  },
  {
   "cell_type": "markdown",
   "id": "fb1c0235",
   "metadata": {},
   "source": [
    "### $\\lambda_{j}$"
   ]
  },
  {
   "cell_type": "code",
   "execution_count": 10,
   "id": "999c8d1d",
   "metadata": {},
   "outputs": [],
   "source": [
    "def lambda_j_m_step(E_Cij):\n",
    "    return E_Cij.sum(axis=0) / E_Cij.shape[0]"
   ]
  },
  {
   "cell_type": "code",
   "execution_count": 11,
   "id": "c2ce4ad0",
   "metadata": {},
   "outputs": [],
   "source": [
    "new_lambda_j = lambda_j_m_step(e_step_1)"
   ]
  },
  {
   "cell_type": "markdown",
   "id": "6b6c2203",
   "metadata": {},
   "source": [
    "Check to make sure all terms sum to 1 (within rounding error) for test E step and that shape is preserved."
   ]
  },
  {
   "cell_type": "code",
   "execution_count": 12,
   "id": "f8dc0d03",
   "metadata": {},
   "outputs": [],
   "source": [
    "assert abs(new_lambda_j.sum() - 1) < 1e-5\n",
    "assert new_lambda_j.shape == lambda_j.shape"
   ]
  },
  {
   "cell_type": "markdown",
   "id": "bf68010a",
   "metadata": {},
   "source": [
    "### $\\psi^{1}_{p, k}$"
   ]
  },
  {
   "cell_type": "code",
   "execution_count": 13,
   "id": "09827e08",
   "metadata": {},
   "outputs": [],
   "source": [
    "def psi_1_m_step(X, E_Cij, psi_1):\n",
    "    new_psi_1 = np.zeros(psi_1.shape)\n",
    "    for p in range(psi_1.shape[0]):\n",
    "        for k in range(psi_1.shape[1]):\n",
    "            numerator_terms = []\n",
    "            for i in range(X.shape[0]):\n",
    "                for j in range(X.shape[1]):\n",
    "                    numerator_terms.append(X[i][j][p][k] * E_Cij[i][j])\n",
    "            psi_pk = sum(numerator_terms) / X.shape[0]\n",
    "            new_psi_1[p][k] = psi_pk\n",
    "    return new_psi_1\n",
    "            \n",
    "            \n",
    "psi_1_pract = psi_1_m_step(X, e_step_1, psi_1)"
   ]
  },
  {
   "cell_type": "code",
   "execution_count": 14,
   "id": "6f5e2bdd",
   "metadata": {},
   "outputs": [
    {
     "data": {
      "text/plain": [
       "array([[0.17362282, 0.01358685, 0.52277293, 0.29001739],\n",
       "       [0.20355652, 0.45082343, 0.16276321, 0.18285683],\n",
       "       [0.07813408, 0.14214357, 0.09957356, 0.68014878],\n",
       "       [0.73869658, 0.07618579, 0.06067732, 0.12444031],\n",
       "       [0.1691198 , 0.24501723, 0.2384102 , 0.34745277],\n",
       "       [0.41286291, 0.25153341, 0.17986759, 0.15573608],\n",
       "       [0.17629201, 0.26615752, 0.34448566, 0.21306481],\n",
       "       [0.22732009, 0.37860943, 0.2082504 , 0.18582009],\n",
       "       [0.10469345, 0.16539572, 0.52276989, 0.20714094],\n",
       "       [0.29589144, 0.25751226, 0.07184114, 0.37475515],\n",
       "       [0.15915685, 0.11440867, 0.12665762, 0.59977687],\n",
       "       [0.51689938, 0.0512732 , 0.10350207, 0.32832535],\n",
       "       [0.33503859, 0.35998074, 0.17471892, 0.13026175],\n",
       "       [0.0925206 , 0.13203204, 0.59258987, 0.18285749],\n",
       "       [0.21981767, 0.25249103, 0.41946437, 0.10822694],\n",
       "       [0.15953487, 0.30973472, 0.32323258, 0.20749782]])"
      ]
     },
     "execution_count": 14,
     "metadata": {},
     "output_type": "execute_result"
    }
   ],
   "source": [
    "psi_1_pract"
   ]
  },
  {
   "cell_type": "markdown",
   "id": "36df0650",
   "metadata": {},
   "source": [
    "Test that rows (nucleotide probs) sum to 1."
   ]
  },
  {
   "cell_type": "code",
   "execution_count": 15,
   "id": "71d72270",
   "metadata": {},
   "outputs": [
    {
     "data": {
      "text/plain": [
       "array([[0.17362282, 0.01358685, 0.52277293, 0.29001739],\n",
       "       [0.20355652, 0.45082343, 0.16276321, 0.18285683],\n",
       "       [0.07813408, 0.14214357, 0.09957356, 0.68014878],\n",
       "       [0.73869658, 0.07618579, 0.06067732, 0.12444031],\n",
       "       [0.1691198 , 0.24501723, 0.2384102 , 0.34745277],\n",
       "       [0.41286291, 0.25153341, 0.17986759, 0.15573608],\n",
       "       [0.17629201, 0.26615752, 0.34448566, 0.21306481],\n",
       "       [0.22732009, 0.37860943, 0.2082504 , 0.18582009],\n",
       "       [0.10469345, 0.16539572, 0.52276989, 0.20714094],\n",
       "       [0.29589144, 0.25751226, 0.07184114, 0.37475515],\n",
       "       [0.15915685, 0.11440867, 0.12665762, 0.59977687],\n",
       "       [0.51689938, 0.0512732 , 0.10350207, 0.32832535],\n",
       "       [0.33503859, 0.35998074, 0.17471892, 0.13026175],\n",
       "       [0.0925206 , 0.13203204, 0.59258987, 0.18285749],\n",
       "       [0.21981767, 0.25249103, 0.41946437, 0.10822694],\n",
       "       [0.15953487, 0.30973472, 0.32323258, 0.20749782]])"
      ]
     },
     "execution_count": 15,
     "metadata": {},
     "output_type": "execute_result"
    }
   ],
   "source": [
    "psi_1_pract"
   ]
  },
  {
   "cell_type": "code",
   "execution_count": 16,
   "id": "be74eaf7",
   "metadata": {
    "scrolled": true
   },
   "outputs": [
    {
     "data": {
      "text/plain": [
       "array([1., 1., 1., 1., 1., 1., 1., 1., 1., 1., 1., 1., 1., 1., 1., 1.])"
      ]
     },
     "execution_count": 16,
     "metadata": {},
     "output_type": "execute_result"
    }
   ],
   "source": [
    "psi_1_pract.sum(axis=1)"
   ]
  },
  {
   "cell_type": "markdown",
   "id": "bf54c85e",
   "metadata": {},
   "source": [
    "### $\\psi^{0}_{p, k}$"
   ]
  },
  {
   "cell_type": "markdown",
   "id": "262aa337",
   "metadata": {},
   "source": [
    "![](psi0.png)"
   ]
  },
  {
   "cell_type": "code",
   "execution_count": 17,
   "id": "d6d1f08f",
   "metadata": {},
   "outputs": [],
   "source": [
    "def psi_0_m_step(X, E_Cij, psi_1, seq_length):\n",
    "    new_psi_1 = np.zeros(psi_1.shape)\n",
    "    \n",
    "    motif_length = X.shape[2]\n",
    "    \n",
    "    for p in range(psi_1.shape[0]):\n",
    "        for k in range(psi_1.shape[1]):\n",
    "            numerator_terms = []\n",
    "            for i in range(X.shape[0]):\n",
    "                for j in range(X.shape[1]):\n",
    "                    numerator_terms.append(\n",
    "                        X[i][j][p][k] * (1 - E_Cij[i][j])\n",
    "                    )\n",
    "            \n",
    "            psi_pk = sum(numerator_terms) / ((seq_length - motif_length + 1 - 1) * (X.shape[0]))\n",
    "            new_psi_1[p][k] = psi_pk\n",
    "            \n",
    "    return new_psi_1"
   ]
  },
  {
   "cell_type": "code",
   "execution_count": 18,
   "id": "3dc0c148",
   "metadata": {},
   "outputs": [],
   "source": [
    "psi_0_pract = psi_0_m_step(X, e_step_1, psi_1, len(data[0]))"
   ]
  },
  {
   "cell_type": "code",
   "execution_count": 19,
   "id": "1fe80b19",
   "metadata": {},
   "outputs": [
    {
     "data": {
      "text/plain": [
       "array([[0.25121169, 0.25250185, 0.27901325, 0.21727321],\n",
       "       [0.25901838, 0.22995366, 0.28735594, 0.22367203],\n",
       "       [0.25771659, 0.23901894, 0.27813245, 0.22513202],\n",
       "       [0.22119752, 0.23259507, 0.27047851, 0.2757289 ],\n",
       "       [0.23626486, 0.24401946, 0.25234117, 0.2673745 ],\n",
       "       [0.21932874, 0.2433413 , 0.26149571, 0.27583425],\n",
       "       [0.22931802, 0.24254924, 0.25668686, 0.27144587],\n",
       "       [0.2282718 , 0.23323611, 0.26542585, 0.27306624],\n",
       "       [0.23359109, 0.24254567, 0.2521481 , 0.27171514],\n",
       "       [0.22439098, 0.23581209, 0.2734088 , 0.26638813],\n",
       "       [0.23277069, 0.24027962, 0.27193573, 0.25501396],\n",
       "       [0.21931079, 0.24658715, 0.27757191, 0.25653016],\n",
       "       [0.22019241, 0.23039049, 0.27993702, 0.26948008],\n",
       "       [0.21810162, 0.2520836 , 0.25368544, 0.27612935],\n",
       "       [0.21855425, 0.2504279 , 0.2379999 , 0.29301795],\n",
       "       [0.23007971, 0.25966701, 0.21385357, 0.2963997 ]])"
      ]
     },
     "execution_count": 19,
     "metadata": {},
     "output_type": "execute_result"
    }
   ],
   "source": [
    "psi_0_pract"
   ]
  },
  {
   "cell_type": "code",
   "execution_count": 20,
   "id": "df4de243",
   "metadata": {},
   "outputs": [
    {
     "data": {
      "text/plain": [
       "array([1., 1., 1., 1., 1., 1., 1., 1., 1., 1., 1., 1., 1., 1., 1., 1.])"
      ]
     },
     "execution_count": 20,
     "metadata": {},
     "output_type": "execute_result"
    }
   ],
   "source": [
    "psi_0_pract.sum(axis=1)"
   ]
  },
  {
   "cell_type": "markdown",
   "id": "b8f8a62d",
   "metadata": {},
   "source": [
    "Combine all components into one M step to product \"theta\" term."
   ]
  },
  {
   "cell_type": "code",
   "execution_count": 21,
   "id": "953f4f65",
   "metadata": {},
   "outputs": [],
   "source": [
    "def m_step(X, E_Cij, lambda_j, psi_1, psi_0, seq_length):\n",
    "    return (\n",
    "        lambda_j_m_step(E_Cij), \n",
    "        psi_1_m_step(X, E_Cij, psi_1), \n",
    "        psi_0_m_step(X, E_Cij, psi_0, seq_length)\n",
    "    )"
   ]
  },
  {
   "cell_type": "code",
   "execution_count": 22,
   "id": "e1223ba8",
   "metadata": {},
   "outputs": [],
   "source": [
    "m_step_pract = m_step(X, e_step_1, lambda_j, psi_1, psi_0, len(data[0]))"
   ]
  },
  {
   "cell_type": "code",
   "execution_count": 23,
   "id": "0c30878e",
   "metadata": {},
   "outputs": [
    {
     "data": {
      "text/plain": [
       "(array([0.14987937, 0.06373242, 0.00891826, 0.02827522, 0.00100642,\n",
       "        0.00041673, 0.10962472, 0.03430062, 0.00834251, 0.00596685,\n",
       "        0.00112586, 0.00143103, 0.00675624, 0.00049521, 0.3322962 ,\n",
       "        0.00191144, 0.0537677 , 0.03135262, 0.03549623, 0.03746402,\n",
       "        0.04041787, 0.01097326, 0.0360492 ]),\n",
       " array([[0.17362282, 0.01358685, 0.52277293, 0.29001739],\n",
       "        [0.20355652, 0.45082343, 0.16276321, 0.18285683],\n",
       "        [0.07813408, 0.14214357, 0.09957356, 0.68014878],\n",
       "        [0.73869658, 0.07618579, 0.06067732, 0.12444031],\n",
       "        [0.1691198 , 0.24501723, 0.2384102 , 0.34745277],\n",
       "        [0.41286291, 0.25153341, 0.17986759, 0.15573608],\n",
       "        [0.17629201, 0.26615752, 0.34448566, 0.21306481],\n",
       "        [0.22732009, 0.37860943, 0.2082504 , 0.18582009],\n",
       "        [0.10469345, 0.16539572, 0.52276989, 0.20714094],\n",
       "        [0.29589144, 0.25751226, 0.07184114, 0.37475515],\n",
       "        [0.15915685, 0.11440867, 0.12665762, 0.59977687],\n",
       "        [0.51689938, 0.0512732 , 0.10350207, 0.32832535],\n",
       "        [0.33503859, 0.35998074, 0.17471892, 0.13026175],\n",
       "        [0.0925206 , 0.13203204, 0.59258987, 0.18285749],\n",
       "        [0.21981767, 0.25249103, 0.41946437, 0.10822694],\n",
       "        [0.15953487, 0.30973472, 0.32323258, 0.20749782]]),\n",
       " array([[0.25121169, 0.25250185, 0.27901325, 0.21727321],\n",
       "        [0.25901838, 0.22995366, 0.28735594, 0.22367203],\n",
       "        [0.25771659, 0.23901894, 0.27813245, 0.22513202],\n",
       "        [0.22119752, 0.23259507, 0.27047851, 0.2757289 ],\n",
       "        [0.23626486, 0.24401946, 0.25234117, 0.2673745 ],\n",
       "        [0.21932874, 0.2433413 , 0.26149571, 0.27583425],\n",
       "        [0.22931802, 0.24254924, 0.25668686, 0.27144587],\n",
       "        [0.2282718 , 0.23323611, 0.26542585, 0.27306624],\n",
       "        [0.23359109, 0.24254567, 0.2521481 , 0.27171514],\n",
       "        [0.22439098, 0.23581209, 0.2734088 , 0.26638813],\n",
       "        [0.23277069, 0.24027962, 0.27193573, 0.25501396],\n",
       "        [0.21931079, 0.24658715, 0.27757191, 0.25653016],\n",
       "        [0.22019241, 0.23039049, 0.27993702, 0.26948008],\n",
       "        [0.21810162, 0.2520836 , 0.25368544, 0.27612935],\n",
       "        [0.21855425, 0.2504279 , 0.2379999 , 0.29301795],\n",
       "        [0.23007971, 0.25966701, 0.21385357, 0.2963997 ]]))"
      ]
     },
     "execution_count": 23,
     "metadata": {},
     "output_type": "execute_result"
    }
   ],
   "source": [
    "m_step_pract"
   ]
  },
  {
   "cell_type": "code",
   "execution_count": 33,
   "id": "4b3d187f",
   "metadata": {},
   "outputs": [],
   "source": [
    "def run_EM(seed, X, seq_length, number_iters=20):\n",
    "    np.random.seed(seed)\n",
    "    log_like = []\n",
    "    lambda_j, psi_0, psi_1 = init_EM(len(data[0]), motif_length)\n",
    "    l_0, l_1, stop = 1e7, 0, 1e-4\n",
    "    counter = 0\n",
    "    while counter < number_iters:\n",
    "        E_Cij = e_step(X, lambda_j, psi_0, psi_1)\n",
    "        lambda_j, psi_0, psi_1 = m_step(X, E_Cij, lambda_j, psi_1, psi_0, seq_length)\n",
    "        l_0 = l_1\n",
    "        l_1 = calculate_ELBOOOOO(X, E_Cij, lambda_j, psi_0, psi_1)\n",
    "        log_like.append(l_1)\n",
    "        counter += 1\n",
    "    return lambda_j, psi_1, psi_0, E_Cij, log_like"
   ]
  },
  {
   "cell_type": "code",
   "execution_count": 25,
   "id": "b65354b0",
   "metadata": {},
   "outputs": [
    {
     "name": "stdout",
     "output_type": "stream",
     "text": [
      "-203650.38149689513\n",
      "-200186.29302565593\n"
     ]
    }
   ],
   "source": [
    "lambda_j, psi_1, psi_0, E_Cij = run_EM(12345, X, len(data[0]))"
   ]
  },
  {
   "cell_type": "code",
   "execution_count": 80,
   "id": "564cf768",
   "metadata": {},
   "outputs": [],
   "source": [
    "import matplotlib.pyplot as plt\n",
    "plt.rcParams['figure.figsize'] = [10, 5]"
   ]
  },
  {
   "cell_type": "markdown",
   "id": "b4d66fe9",
   "metadata": {},
   "source": [
    "# Question 1"
   ]
  },
  {
   "cell_type": "markdown",
   "id": "1ab91887",
   "metadata": {},
   "source": [
    "Plot the log likelihood as a function of EM iteration, for 20 iterations, for 5 different random initializations of the\n",
    "model parameter. Does the log likelihood monotonically increase every iteration of every initialization?"
   ]
  },
  {
   "cell_type": "code",
   "execution_count": 59,
   "id": "7a2e9554",
   "metadata": {},
   "outputs": [],
   "source": [
    "def plot_log_likes(X, seq_length, number_iters=20, number_seeds=5):\n",
    "    records = []\n",
    "    for i in range(number_seeds):\n",
    "        np.random.seed(i)\n",
    "        lambda_j, psi_1, psi_0, E_Cij, log_like = run_EM(i, X, seq_length, number_iters)\n",
    "        plt.plot(log_like)\n",
    "        print(f'Seed {i} complete')\n",
    "        records.append(\n",
    "            dict(zip(\n",
    "                ['lambda_j', 'psi_1', 'psi_0', 'E_Cij', 'log_like', 'seed'],\n",
    "                [lambda_j, psi_1, psi_0, E_Cij, log_like, i]\n",
    "            ))\n",
    "        )\n",
    "    plt.show()\n",
    "    return records"
   ]
  },
  {
   "cell_type": "code",
   "execution_count": 60,
   "id": "c367fa0a",
   "metadata": {},
   "outputs": [
    {
     "name": "stdout",
     "output_type": "stream",
     "text": [
      "Seed 0 complete\n",
      "Seed 1 complete\n",
      "Seed 2 complete\n",
      "Seed 3 complete\n",
      "Seed 4 complete\n"
     ]
    },
    {
     "data": {
